=== BOXED HIGH-k DECAY DIAGNOSTIC ===
field_label: k_x\Phi_{uu}/u_\tau^2
box_kxd: (100.0, 180.0)
box_dplus: (8.0, 30.0)
tail_kmin: 100.0
zero_threshold: 0.05
n_k_points_in_box: 76
n_dplus_bins_in_box: 5
dplus_bins_used: [8.716909919931055, 11.176600730811778, 14.330353880377185, 18.374016150608778, 23.558697316269356]

peak_mean_curve: 1.8259382056836995
tail_mean: 1.6584056047388962
tail_last: 1.4504482140232375
fraction_nonincreasing_in_tail: 0.41333333333333333
R_tail = <Q>_(kx*delta in [100.0,180.0]) / max_k <Q> = 0.9082484826576742

INTERPRETATION: largest resolved high-k value remains above the chosen near-zero threshold.
INTERPRETATION: tail energy remains noticeably elevated relative to the peak.
NOTE: monotonicity is only a trend indicator; finite-resolution spectra need not be strictly monotone pointwise.

K_box:
1.0053096491e+02 1.0157816247e+02 1.0262536002e+02 1.0367255757e+02 1.0471975512e+02 1.0576695267e+02 1.0681415022e+02 1.0786134777e+02 1.0890854532e+02 1.0995574288e+02 1.1100294043e+02 1.1205013798e+02 1.1309733553e+02 1.1414453308e+02 1.1519173063e+02 1.1623892818e+02 1.1728612573e+02 1.1833332329e+02 1.1938052084e+02 1.2042771839e+02 1.2147491594e+02 1.2252211349e+02 1.2356931104e+02 1.2461650859e+02 1.2566370614e+02 1.2671090369e+02 1.2775810125e+02 1.2880529880e+02 1.2985249635e+02 1.3089969390e+02 1.3194689145e+02 1.3299408900e+02 1.3404128655e+02 1.3508848410e+02 1.3613568166e+02 1.3718287921e+02 1.3823007676e+02 1.3927727431e+02 1.4032447186e+02 1.4137166941e+02 1.4241886696e+02 1.4346606451e+02 1.4451326207e+02 1.4556045962e+02 1.4660765717e+02 1.4765485472e+02 1.4870205227e+02 1.4974924982e+02 1.5079644737e+02 1.5184364492e+02 1.5289084247e+02 1.5393804003e+02 1.5498523758e+02 1.5603243513e+02 1.5707963268e+02 1.5812683023e+02 1.5917402778e+02 1.6022122533e+02 1.6126842288e+02 1.6231562044e+02 1.6336281799e+02 1.6441001554e+02 1.6545721309e+02 1.6650441064e+02 1.6755160819e+02 1.6859880574e+02 1.6964600329e+02 1.7069320085e+02 1.7174039840e+02 1.7278759595e+02 1.7383479350e+02 1.7488199105e+02 1.7592918860e+02 1.7697638615e+02 1.7802358370e+02 1.7907078125e+02

mean_curve:
1.4142716120e+00 1.4240279370e+00 1.4361793112e+00 1.4471213733e+00 1.4585275531e+00 1.4714443036e+00 1.4824386003e+00 1.4935531070e+00 1.5037973931e+00 1.5139881551e+00 1.5236353525e+00 1.5338101178e+00 1.5440376254e+00 1.5543704434e+00 1.5641990592e+00 1.5748881607e+00 1.5854738578e+00 1.5964521376e+00 1.6083755563e+00 1.6196541328e+00 1.6311342306e+00 1.6430768462e+00 1.6548399457e+00 1.6655139165e+00 1.6761044365e+00 1.6866270483e+00 1.6978304805e+00 1.7087453209e+00 1.7198153561e+00 1.7312458590e+00 1.7425908356e+00 1.7525568342e+00 1.7620050126e+00 1.7710257851e+00 1.7794212003e+00 1.7871350764e+00 1.7942187523e+00 1.8010438245e+00 1.8072571776e+00 1.8129416300e+00 1.8176086457e+00 1.8214649706e+00 1.8240702609e+00 1.8255271494e+00 1.8259382057e+00 1.8253499802e+00 1.8239528281e+00 1.8218065595e+00 1.8188184078e+00 1.8148489605e+00 1.8095274200e+00 1.8031957397e+00 1.7955877034e+00 1.7866734732e+00 1.7765030754e+00 1.7654777721e+00 1.7533684374e+00 1.7406481517e+00 1.7275415077e+00 1.7137343383e+00 1.6990496367e+00 1.6837587564e+00 1.6677224246e+00 1.6508745022e+00 1.6334721725e+00 1.6161383654e+00 1.5986860459e+00 1.5813281022e+00 1.5638470186e+00 1.5465230508e+00 1.5291189330e+00 1.5120239193e+00 1.4953241452e+00 1.4793238803e+00 1.4641678476e+00 1.4504482140e+00

median_curve:
1.4195740366e+00 1.4306299831e+00 1.4444987238e+00 1.4570247320e+00 1.4693669110e+00 1.4849663726e+00 1.4996060980e+00 1.5136537132e+00 1.5267514240e+00 1.5387441333e+00 1.5496070660e+00 1.5618026616e+00 1.5748615332e+00 1.5865916041e+00 1.5963226355e+00 1.6064788187e+00 1.6167877590e+00 1.6265601061e+00 1.6367828045e+00 1.6465777438e+00 1.6556274502e+00 1.6649198080e+00 1.6735536790e+00 1.6804130207e+00 1.6871356664e+00 1.6972199228e+00 1.7097399846e+00 1.7218484671e+00 1.7336071198e+00 1.7459548934e+00 1.7591586428e+00 1.7705625474e+00 1.7812863096e+00 1.7910373033e+00 1.8007350887e+00 1.8096817087e+00 1.8188338586e+00 1.8274244627e+00 1.8354088519e+00 1.8431912887e+00 1.8496005925e+00 1.8550494508e+00 1.8592877417e+00 1.8620968774e+00 1.8629450986e+00 1.8629215541e+00 1.8614381211e+00 1.8593110787e+00 1.8566700624e+00 1.8534800197e+00 1.8484646501e+00 1.8425267603e+00 1.8351203707e+00 1.8262512745e+00 1.8158173991e+00 1.8044040198e+00 1.7914698363e+00 1.7780402494e+00 1.7642122394e+00 1.7497928823e+00 1.7343076276e+00 1.7183836723e+00 1.7015492877e+00 1.6836011772e+00 1.6647031232e+00 1.6461034412e+00 1.6271697982e+00 1.6082744057e+00 1.5892615955e+00 1.5706889435e+00 1.5519886438e+00 1.5339463072e+00 1.5164665081e+00 1.4999908901e+00 1.4843519436e+00 1.4703672260e+00
